sid_index	SNP	Chr	GenDist	ChrPos	PValue	SnpWeight	SnpWeightSE	SnpFractVarExpl	Mixing	Nullh2
903	.	5	0	85987757	0.000110948195451	-0.600402013801	0.155198626609	0.0564596311078	0.0	0.0476627097272
2381	.	4	0	237028726	0.000125700037933	-0.533976958262	0.139130630452	0.0560137255095	0.0	0.0476461142845
1588	.	6	0	167540926	0.000232523481713	-0.520031046404	0.141173130984	0.0537682142033	0.0	0.0476289592561
711	.	4	0	76258691	0.000348607251751	-0.411800127231	0.115064952938	0.0522428681443	0.0	0.0476461142845
1423	.	1	0	217055549	0.000454488311768	-0.351569504758	0.100198515362	0.0512219971469	0.0	0.0471165106624
1259	.	6	0	139875378	0.000476057085586	0.396831816914	0.113499033387	0.0510416769359	0.0	0.0476289592561
741	.	3	0	77919806	0.000535425786947	-0.332004394498	0.0958226169268	0.0505820684835	0.0	0.0467651744421
650	.	4	0	70006399	0.000678660294317	0.373787562746	0.109926626601	0.0496435925662	0.0	0.0476461142845
2471	.	4	0	243535564	0.000694524001838	0.404619677582	0.119216218352	0.049551283466	0.0	0.0476461142845
2472	.	4	0	243535565	0.000694524001838	0.404619677582	0.119216218352	0.049551283466	0.0	0.0476461142845
526	.	5	0	36422378	0.000821480999238	0.433779753301	0.129578020437	0.0488759997908	0.0	0.0476627097272
402	.	4	0	45398126	0.000834966887937	-0.387684825285	0.115965423508	0.0488100669752	0.0	0.0476461142845
185	.	4	0	20197271	0.000838316379067	-0.408145878779	0.122126480955	0.0487938443844	0.0	0.0476461142845
648	.	4	0	69970861	0.00093439010186	0.357490350849	0.107948153666	0.0483523854218	0.0	0.0476461142845
1583	.	6	0	167344497	0.000940382726989	0.398796994242	0.120486393267	0.0483262638749	0.0	0.0476289592561
2188	.	7	0	243967268	0.000959933220218	0.376637813024	0.11399053808	0.0482421031903	0.0	0.047280627258
