sid_index	SNP	Chr	GenDist	ChrPos	PValue	SnpWeight	SnpWeightSE	SnpFractVarExpl	Mixing	Nullh2
903	.	5	0	85987757	0.000132488155244	-6.86616358801	1.79508702428	0.0558248974187	0.0	0.0461025679971
2381	.	4	0	237028726	0.000188086736003	-6.02213844879	1.61128045182	0.0545518518553	0.0	0.0459830610521
1259	.	6	0	139875378	0.000202809859179	4.88128822962	1.31272791576	0.0542745466944	0.0	0.0458586340217
711	.	4	0	76258691	0.00034902136944	-4.76784351193	1.3323439199	0.0522383379779	0.0	0.0459830610521
741	.	3	0	77919806	0.000353321428626	-3.96833938902	1.10992343311	0.0521915930102	0.0	0.0449243038555
1423	.	1	0	217055549	0.000393243597539	-4.11707319781	1.16067171613	0.0517813346571	0.0	0.0453938610436
1752	.	3	0	159176835	0.000513710013038	-4.0355822202	1.16100803387	0.0507444061385	0.0	0.0449243038555
650	.	4	0	70006399	0.00059952023458	4.36565890503	1.27123941526	0.0501363834696	0.0	0.0459830610521
1588	.	6	0	167540926	0.000678245205673	-5.55798502434	1.63445891838	0.0496460347374	0.0	0.0458586340217
2112	.	4	0	217685763	0.000710404204759	3.97792567775	1.17419588151	0.0494608199166	0.0	0.0459830610521
2111	.	4	0	217685738	0.000711381310282	3.98696498565	1.17699539872	0.0494553152546	0.0	0.0459830610521
2471	.	4	0	243535564	0.000751052242464	4.65311432814	1.37974008426	0.0492375503713	0.0	0.0459830610521
2472	.	4	0	243535565	0.000751052242464	4.65311432814	1.37974008426	0.0492375503713	0.0	0.0459830610521
291	.	6	0	26723103	0.000787692485626	4.42155439719	1.31621871769	0.0490457082515	0.0	0.0458586340217
648	.	4	0	69970861	0.000887186224182	4.15392023842	1.24885009024	0.0485637465627	0.0	0.0459830610521
2135	.	4	0	218713542	0.0009099485576	4.91497284067	1.48080964753	0.0484605575753	0.0	0.0459830610521
1908	.	4	0	201472850	0.000913801456449	4.69259013063	1.41431299798	0.0484433282386	0.0	0.0459830610521
1184	.	7	0	151471898	0.000973754012351	4.41430402136	1.33762908494	0.0481835599034	0.0	0.0456699274255
1345	.	3	0	127347551	0.000989519353346	5.364306092	1.62772979262	0.048117711624	0.0	0.0449243038555
